23132233258071384366374983055376297
23132233572167231682883208087088617
23132233967737111684696405164361227
23132234194564670631478968652401877
23132235097332189584261804154489827
23132236173765497429951656398096297
23132237780077830228975114921474557
23132240004003716478451603849437317
23132242754367169941687134811120897
23132243237235234598111966469922607
23132243332655875735635730714549687
23132243678772809071777914829820857
23132245520150342440029758655780767
23132246280230192909849716173862477
23132246842638838895191147576268527
23132247096691599978731612579380197
23132248271883219946718528569995767
23132249699093162402479290740423697
23132251824005469265761273790674407
23132254341617725004266438231606607
