23132324675132190811983916211211857
23132325773167123250046424723538387
23132325879249594693997606505947937
23132325924625465083454969623619107
23132326392381371238386381395832817
23132326600895582823271775474179477
23132327168403573655840943466061487
23132328659761674905667188547279867
23132329625598491242525995373924877
23132329953287992077237317928055137
23132330193121479975245908995901347
23132330730113491171369109848317627
23132331379658442486754465012857967
23132332927294813527000508484763637
23132334123174475571199373952656947
23132334819242449855898380316885747
23132335887883258737122733721606537
23132335912489697495769843458453897
23132335926982935629981902142222697
23132336327097531766190132879611677
23132337703673679391488205758126927
23132338416998536612928927773646437
23132338884691750898043678260111767
23132339228934324962986854371472437
23132339934021640561978854572448947
23132340383479797524376521330431867
23132341478849172399293319396582947
23132341618776195595148658635398667
23132342103395335298557593948930407
23132342410705154375302537009879347
23132343173109306289720143729858167
23132344491568420438334698461669577
23132344998614678880206159499454917
23132345118625560660857284838538227
23132345234315697716865751634947127
23132345818349365279413697133895247
23132346566836205241863787704962477
23132346905974735159528912016814667
23132346944657265463922927487335267
23132347059976150116499260001605397
23132347588043107937661198328589907
23132347599439143966268872232915367
23132347940148472136938649774614157
23132349527367557882218666866087417
23132350562178812911689608444499497
23132350804715853527039392181810367
23132351266349946209890904866333557
23132351487867987230582208302150387
23132351706891748612795842531245517
23132351916923465180969758973750237
23132352030871526059304531300856787
23132352333067402119460213376863567
23132353549427733161006404859285657
23132354029960197772730256896127317
23132354439499983211596104000292727
23132354520589165324107417368249947
23132354850481383163833281762808877
23132355932393287129494414063468757
23132356463761720781232269669534277
23132357624463702399638123964084277
23132358221330221204112858815678977
23132358435924551806833454548391527
23132359002737631802205969631646117
23132359102991951922956597914989367
23132359779981977269434911489708397
23132359881423544639658428300688537
23132360966714314475074563561652907
23132362202830507391888355112114827
23132362471063246775976990592575487
23132362632333828000255328759371897
23132363292060371109942611472770797
23132364832162810018881692211901897
23132364995880776696603580917464217
23132365353250464421567570735469527
23132365673716993389374724787844667
23132366896743167800362184854959157
23132368945289685694879141634562317
23132370288917866184283918218016457
23132370572893983037242265207937957
23132371810035744094330237478949827
23132372198038696326060307822479947
23132372868305385302590100712185977
23132372950079979652196536568704777
23132373192348754618916350767551727
23132373716519912957844989675093497
23132374122710628596468103844520977
23132374130807188309919178692094817
23132374955590726286636422050328567
23132375263033228187696799880508917
23132376261973291684966398611575427
23132376382395720754032461690721777
23132376782794580439022307596675137
23132376855370256464985396179258727
23132377040100823652684552988585437
23132377383952448113994533977678457
23132378020835826112120241029032867
23132378419708881729140352373091517
23132381075857739204476653247878367
23132382862436412611402638824017837
23132383461704823115024211571018297
