1178895812820005171621470
1182046855997186769495290
1183888246428778225939260
1185005076946121143843620
1186123637242172325402840
1186506046112713818994950
1187431361234898494539290
1188584923033504648444190
1189547805329806416240470
1190330486776670151586180
1190566473458086435029930
1192559808370238799711810
1193091169105236596661240
1193618537351735976264880
1195465814026843503378160
1197452653773012668475160
1197458269052064635141490
1197710373662707112121990
1198538722241839979897650
1198633582055179995946770
1203187604987816013798260
1203716113088941265868600
1204233455624963087758380
1204370413029308384653630
1204751155115218962258040
1208924882904871606206860
1209250206109807468882780
1210870684922737676287390
1210996009822282893845520
1212832301908057962689350
1213527615579420274278510
1214075037250643761612590
1214609774552211263749780
1216759571361274288506230
1217148078450025971163700
1217293587754912075181170
1218747896916303388679810
1219462488111459589385070
1219582851646882034587020
1220568646999626763962710
1222508756748670909769980
1223181587308671154511590
1223401319079167601174630
1224575115278268834721100
1225749117450987351148560
1225904162530961743783590
1226532002870929959617740
1226631442096312356443280
1226852693671361357122660
1229108694836254073292500
1229573662100944707044000
1229751873205595108564130
1230255377520027181577950
1231689589262617049678990
1232515772120114461098040
1232647503196949755149190
1233875774397632385311040
1233927719723882698717460
1234465743601711502677940
1239435094176655351232610
1241416797582392354304770
1241771783976372163178070
1243058579658519846180600
1245007018336641178259220
1248101126828833925945740
1248570126575561896952650
1252555091615235691328700
1252617578588429696060360
1253660056657930209317660
1254045175181189031302440
1254854716176763106876080
1257147558609996908865730
1258549635481212222712520
1258674844394218007208920
1258910311143475557101550
1260160175570204294464990
1260510208601676613254700
1261668133838707866055040
1265038298865534044948910
1265173259527245419943860
1265537671709235667615460
1266042685828220294645630
1266843144991094838545920
1267075258171090555463140
1267229369373286913057650
1267332315145855794799840
1267364074066226793989380
1267419222981122131642310
1269804868491523087871140
1270035662839506697137950
1270194269464513885659500
1270559167584585529215060
1271227995657702638883470
1271456606287819753096390
1271901366148246344903610
1272293566761032348903900
1273312861809625806578810
1273696609508948863276150
1275250027937719538687730
1275576964934824233956780
1275583217130959103963380
1276103079343927281334710
1276973035577060908587600
1277132446097614081148180
1279127841743247198852340
1279212578857954932853270
1279641591740697285945960
1280076138913798473613140
1280212116444134706770580
1280306266347929734084870
1280488303961000189979430
1281549825584446253774560
1281564259731195239353730
1282346538229209137664870
1283130523508623407418520
1283227793011831928129930
1283522451156406889658310
1283904583063022697004980
1284891772235395811607870
1285740134244098584931750
1286462284468478617809080
1286998641560061242509270
1287091674608153561841800
1287521339409055663789820
1289179933324492754694770
1289909255627093063679460
1290453267736054234886040
1291096863051552999404590
1291130197769477045762580
1292326474079401929399070
1294219783841012652552180
1296634518614221453760110
1298207567520481653140160
1298463161683694849612610
1298687425871617912627380
1298902935184306059123880
1301357637823115731518630
1301735324300459646847890
1302000859186534124457420
1305587457407057021433500
1307098288306202602357460
1308410801683511588636260
1309370727359939817249240
1309532951517596078234110
1312838198884590292279220
1312945054156426031517810
1314539759281194432494030
1315074139626912609748730
1315956341287851854011850
1317939724477142928556650
1319320631067931446691230
1319735321791541091781550
1321693395233443844569580
1323072658036909337928810
1323571596936606922378550
1323955905563242914809240
1324386684219309296981490
1324833496816985595113700
1326198988388631326203890
1326233057011792971236470
1326404189025839374226030
1327667248757613374882690
1330102787857014919192940
1330297329863970388373290
1330481141248211184317280
1330695716681506013500670
1331604596915384626080590
1333240479749072882802180
1334891167681052088925170
1334968933690079974184670
1337427458836771283196320
1338770571283055941743160
1338964066424617097306190
1339117591700038935924880
1340106399665657736635970
1341663274649691231327160
1344709463298209438620210
1344922782891954245547760
1346839135693855234554360
1349652171294829703282760
1350088792200334808457150
1351631308030619838721270
1351813742591463297135350
1353084644315848379451980
1353773472819612229183670
1356105283246053091894930
1356946899122693308358370
1357067748596197149444280
1358604079220117277308710
1361591573408168915304790
1361729523685446459422780
1361830495712689283477010
1362450154103658656011180
1362782236441195513305070
1364609178728730109957520
1366926787979885597940470
1367485298226442547848210
1367743065109137493647140
1368430223827732018633600
1369677455593128658483890
1372755333170094198329450
1373662289652185673131040
1374570986908139613769730
1374935218114358898530210
1375009741539587547360970
1375165048587795007301680
1375252523349835853119970
1376674239698540708935220
1378374594249133756803830
1378596675717575061492120
1379136102415032268679810
1379360536581956848150880
1380867794940915422006090
1382389301468159891741710
1382619664872677898549250
1383169296261229444179700
1384460795338189987717660
1385030571136928227625220
1386510316030632003669780
1387757774766415399855870
1388341197812587661000860
1388817336641843297175390
1391021178509022117087940
1392879829723388784020310
1393627083719924564500820
1393946534680267511992380
1394951454575650922997750
1394986309098127533372070
1395827832983920927713540
1395932281564811316774780
1397016966214010243970070
1399199971756073165295370
1400047066928456441908590
1400177458176510163854520
1400237113512601079161900
1400454918530771989289080
1401018785088686276314990
1401068717674456338851230
1401256071603729929681740
1402388406130524038994930
1402468741808421946373020
1402565264409084986197500
1404877924295040866309190
1406335433044538786296820
1407498223657538097119020
1408426904347907731123710
1408875589705447509397210
1409294516884173355866410
1409424722155379241386160
1410123402394926531435660
1410383494979873714320090
1412670448169053027882910
1413649088441423772121120
1414496464575040617192130
1414729114686656659902940
1415059091292866454204670
1415184819141261507797390
1416018776999984769996910
1417296951789667998240170
1417723281017539314910070
1419325988113920305002570
1420273706358773925302610
1421938762442886323580090
1422066697008071027711630
1422657733075929195423250
1426445682427932212834680
1427910669217960842902520
1428337668360222945125040
1428410901950208951760210
1430132595760230321797320
1430706704002239467418090
1432556089407597203008470
1433800848490663252801890
1435715748477781674399070
1436964926992273315240030
1437462853022269206012210
1438201891075728795525580
1438793666049901416426850
1440247085324361497006950
1440702153860268178288540
1442003827631553594814450
1443610135264352629672970
1444639515016962574971380
1446872309165255624619080
1447187907619332216766330
1448363103637523407782470
1449026102460124948933670
1449956628914127016382350
1450103782007951397447770
1450394253690949087506900
1450453625063652744326360
1451401413298814758990850
1453173109684914576928650
1454279445549929587932460
1455050045548527622481780
1455620344281578285970590
1455907793351701914694320
1457567396137917543791890
1457749266772524919987680
1458620925788135755198150
1459340493343107328199360
1459960767656005402891560
1460133959405147812176000
1461330408694612631026320
1462652246874469478556750
1463664452832458917701100
1464708993637593875010800
1464807356000812483764220
1464835302410071329791680
1466441613043408763407730
1466887065815534033979910
1468710308579572736047070
1469246132740073481711200
1469650701763435591480730
1470716762803769852870060
1470891114404307599076010
1472588855291953267158860
1472666904264368401906260
1475134535241067134803600
1476080736680291365572240
1477354085089160727975860
1478018779694777903842180
1478119588744096064955170
1478174597676759369606610
1478395043354108687216830
1478659615364020392058430
1480169616371388932246060
1480206807592887245160700
1480628941359181289361350
1481719082306815393494080
1481878405837598617447750
1481925518785188746044640
1482487658566548468445810
1482890644792895948804440
1483800617886784639426370
1484239215538154212046250
1487618299419755259672220
1487717002737746367793060
1488582855500149526698670
1489057557514084158706240
1489590182084863015608800
1490006058657714307590500
1490327599348307473559150
1492350134507115007494210
1493024137915818462369670
1494994486780681053350150
1495671813761876865746210
1496148252552366062378520
1496233256632614754897480
1496495988878355617537550
1496692341651097191192020
1496845183016435633318340
1498025947320678297848710
1499820161812217531301220
1500142795362820794311880
1503060148564068872372630
1503811665013567164201900
1504215724103155267147720
1504485962384042605292690
1505016766190650629993710
1505116898327731695584210
1505586348016309995777810
1507489146558393242123780
1507940722542806067428470
1510263491130086327376010
1510666609340819549766240
1512801078120509746085220
1513048543327186184652260
1513794729463173449333230
1513910169632857878906390
1513973591483829909678570
1514096513691352922544280
1514137571416425473015570
1516948093341530421777480
1517253506104512666481970
1517270429931438533087880
1517412319701521864611920
1518409234624754268743480
1518421343069251007237160
1518972847216050751736300
1519433728006241963837800
1519715701779545667896690
1519955636955383002019070
1522413853140840751572930
1524240125515599834945360
1526167256931600727067820
1526181145146729396853410
1526188454208258579477320
1526539864061512973524350
1526956404547678206543600
1529007921982754163396020
1531818063956317157335700
1532206662032146708812430
1532878908667526124608340
1535643551485667812544250
1535727228736058087442920
1538194506759061166487910
1538500296473046948257100
1538785402844687282198050
1542148062834751733314420
1543159534887503573784180
1543638676331248544566690
1544049711523824388466280
1545210172437263578990640
1545279685506984235585710
1546694566733318131176070
1547085201546935805735330
1547406875220299441463000
1547841039442935538823000
1548351566853355854942700
1548418524251514371631520
1548971858164100248604790
1549259814169074718667300
1549774404058301836497240
1550996799013853133717190
1551741009403975922952680
1552227269931863832175400
1553294417832746598364270
1553990142450805066957880
1556368085950826984528220
1557491478625538341896960
1559113767205869935048290
1559926267821855977562750
1560309369604096139919820
1560314075997832145940200
1560356609534995166033260
1563520505060295838802750
1563612468245685943305610
1567404571063573622246550
1567742855603706418637400
1568643369912276788248690
1570561293510653998908670
1570598424740228635186270
1571476802893286261832490
1572132075708200891112850
1573496577407452801737830
1574119198417757305697760
1574324693016737349935210
1574349505829274801353200
1575090036691055907185620
1576146525961686085532700
1577775713655235443030890
1577779779132965409226070
1580331505306212127269010
1581599337424722646098150
1581680818956707998185410
1581690787675800336019770
1581917482550361378151650
1583378189891196449173430
1583478658982511586373820
1583654341411830895684990
1584533068519661011698630
1584882235661509998782140
1585041463204138508401480
1585830216871366131842680
1585875754021403213271130
1586280738992538324560180
1589308334028961312502090
1590074697572443154672530
1591198851148623157413140
1593044341053637189992050
1593313295500358721456490
1593389224745754182271980
1594607054288186253200440
1594986063594850158392450
1597797048460728601825980
1598907329821241517023480
1600506662349437538655630
1601204922642288672700680
1601837858327534848377440
1602795355315709824600720
1603554563777202418361080
1603980389070761301449740
1607189831744483773375090
1607379651358241654292580
1607485442766836779943990
1607698985332045178722410
1607799431427667695983040
1613141612103987382845100
1613347575643202493996630
1613831153516219375796560
1615104444933703498320670
1615305113153484939991070
1615600684180683745377750
1616329069603352328291800
1616329876499436739088370
1617326964400593796161170
1617526522762518839819680
1618285217291314263271380
1620236742573156478807380
1620870038213175144851560
1623556362092822311764510
1623877185876024198028450
1626329825779199436370790
1626840539166467588916670
1627327629589363054420900
1628863677248280669524830
1629321612415367787897850
1630123401407023884903370
1632304806157456402393070
1632841936151046109222660
1633045866951396242776610
1633341741938751762106010
1633586073548706814063580
1634864007370695402758690
1635842147706061614627990
1637190508478779449503870
1638464079859112404758360
1639582197211159557100780
1639781395619927364664470
1640713002933401102397630
1642237095128977176494310
1644583119729626577418810
1644853432001360727685750
1646466214803373487674340
1647380544336225694949230
1647495001631362614027050
1649028682596104334408450
1649270477532881984187180
1650155681806695308785690
1651109268298833953057750
1651911721203804001100820
1652315779295007386319220
1652319575806657966238830
1652399134585240937275170
1654720486355584929783170
1655464463774244117167780
1655764067283480258809880
1658959034816914825246430
1662108845153469546349340
1664727184767948601683560
1665706864906252095296610
1665946901067552025965660
1666055632098174381830480
1666066479705813214855970
1667130844963131832530190
1667406745517686911766190
1667848828722704048393080
1667860191261424761454640
1668104992811614899326290
1669633631423540735259640
1669707693908534317176320
1670559478478422562112640
1670885718564905433131800
1671675229134678556459930
1671720729288484581191100
1672085167468321157832580
1676499034406889991027240
1679086524984698744545280
1679169559318544533861220
1680166414248238008083150
1682588568068438579461670
1682904269510131449185710
1683001349037568997986000
1683512283395762315625220
1683594394846984252082860
1683725568995429764885610
1684079808485248829599390
1684560829686703562493070
1684881901437061651547630
1685186317328188503544440
1685343425143797339231870
1685991382899336455918440
1686417812114285632407610
1687794912195038822895170
1688746492942928272994330
1690892099291490871796590
1690912006734521344283080
1691096427041229278142640
1693055594341526856700090
1693067822769870919467850
1694983172700454943524300
1695187653429733275084180
1695195462426651736804410
1696666812398277814425510
1696813877505562773429200
1696946195505942031910990
1698106333459224507492620
1698180852885530001838450
1698579415681528735664600
1699323293113110073229950
1699503956903321609352130
1702309709440613195426490
1703445141567897633651870
1704124327311649034976860
1706173881999783679868730
1706363214675460164902270
1708477853001889865341670
1709195586793767432656400
1709589194225104986368830
1710960285077956364155480
1711406387766087683552860
1711675893141737423023240
1711688741490933342433970
1712535093758079029372610
1712702773215785749567500
1713502035532649172121590
1714233817518656935678210
1714838827791413739782330
1715266843802300691167340
1716320819397061358547930
1717364807272729689094170
1719294025420057645208790
1719410392469673809852590
1719422086968551246856870
1719455015737087038422750
1719463871599399813760280
1719780472924793371857680
1720431046343818295087540
1720774011281456069801500
1722201983826834204380870
1722413206690867229588860
1724751173325288256972390
1724941328896510745044950
1725137034753784686631750
1725759788746859661350700
1727175973805744091349000
1727335524306914052638480
1727448727764654648490590
1728188782686739086166450
1729258316281797748077850
1730195942821558026239330
1733503779855806999130450
1734676206230972458389470
1734831944222645529789450
1735356745799198042759440
1736395961288129855133200
1737013388966616967188780
1737588787043868756005140
1738024342085594801834820
1738724792097389285448810
1739628143041985888969320
1739896034625466796846570
1741989112721542991024120
1743907468265539513173490
1743921379479591327444010
1744390246241933546419320
1746070676353265084104150
1746351676252021277667700
1746591918386938491217740
1747278854134069414353320
1747459411937741518413770
1748141054365977199825750
1749810602873977274545330
1750167038082201243070530
1750542384859985028101940
1751868818449730567378680
1753455072659420757779350
1753879702105353275249200
1755468088042601566339310
1756282132458832783809870
1756990897402396561482870
1757690291548796722479550
1757782584692189879895020
1760961857243632827556790
1763055915213718104472150
1763850365148690835671540
1764259709559327881371080
1764466297018318003650530
1765289999195638524042850
1765379049755232436029580
1765411658565765203682850
1765414162243249995921940
1765721017821014818035850
1765785382551380167121140
1765927328316079264069860
1767021382758672864638760
1767053544627893709862880
1768866888663148469460130
1769154177754270571727560
1770221658612079527313970
1770454825655315886818380
1770618915574989298974650
1771268739090930314560050
1772046215205438239243890
1774514156143370522599010
1774701216110872136214210
1775219188566130532474370
1775856237722107177498420
1776311436241861174054080
1777200616006326596028500
1777227992488272506322620
1778184015666510702954250
1778447564806720714118290
1780577057226595537141320
1781643642198011687566720
1782048861138995118434040
1783693152892068975791420
1784830093827136503578330
1785703955558998561570090
1786907007000986002067020
1787391684731859281878830
1787435105153799834860320
1788109718484970427651350
1790978255956151141157630
1791264882132344048114910
1792116039781918864165790
1794055779579421046150830
1794242103641146634333910
1794348158016359545018410
1797969654751821146763380
1799751049892549197532560
1800049871501393538317850
1800079489696360136848070
1800086412806885783407280
1800574046159247884674980
1801389429405875936523350
1803242155379957077331600
1804775783350621441045830
1805483995364718601955360
1805742325176880173517770
1808813179656242216984860
1811378184122150475897800
1812267033930228136232220
1812605192485436763833940
1812842212034939477682650
1813767089214196958525250
1813804037467462205134200
1813953839222080275955250
1814435894290006175981310
1815244085460029204994910
1815825058821178767295390
1816075716618115502381530
1818558238682875123287190
1818845094828377933065230
1819653655951558188173650
1820328366269268204026420
1821900468297211949608420
1822244706072246047548090
1823454803607529614363240
1823525886475341754884280
1825675056365706614027870
1825984455616110411563090
1826871465660017239695970
1827460228019700526989260
1828860942066441657791070
1829987904282416847743610
1834644862990852292882480
1835813472855982434494480
1836205996427309881164900
1837651063775384873261310
1839541466910660976140750
1840334953969470924572210
1842208419280513268633390
1842873884785983817598980
1843191026041920846974910
1845101849554539836922100
1845935917398725686668290
1846694205979748117600470
1846874953757575922299440
1848421203107049467088600
1849230297161311602233090
1849725666519745353099030
1851251228526335042302420
1851389725733617639941420
1852743975748774681971540
1852818075229999301585500
1853004232313261809069810
1854824378475194909952190
1855490426905286277863480
1856065128071916233429950
1857673358458117659339390
1858986894705128339295760
1858988764464453373679510
1859094838838051012091420
1859619021493751677418430
1861415571685927885683840
1862309953782210699562610
1862561444473078155415200
1862595406109700387386040
1865430204915722489772340
1867182871745184631384660
1869555235962385628985950
1871030248462891816767660
1871660825451808407691760
1873413968220967217460630
1873907091867457115605520
1873934301370939936200870
1874385783367736474928770
1875054011518386445681600
1876889132755996722149100
1877111041246513363896150
1879464641874232896962590
1880152843459298581081430
1880208638291276822074620
1881711804174659147764780
1883905804306054527359520
1886461066024872468046510
1886720518692198329833150
1887669253805676808295690
1889032698641149668575950
1889467336801328716062380
1891173596593822552327700
1892039156392838461745400
1894584403397948299173340
1894994077766588378785490
1895263459157852376224260
1895553534891461792491280
1895780482734255891928840
1896683783685313565539720
1898090845916344271682450
1898337891176324553245030
1898646936473032715927900
1899216935244849819958920
1900238059057614118835370
1900462484224538698306440
1900640765321112767463610
1901500468873382061666830
1901651891418015274050890
1902104069327048908301280
1902395234920129994852770
1903548069812960113325560
1904255618912128079924940
1904548491284994265646350
1906910999767488668444900
1906916606046540635111230
1909076717532160594857110
1909451517379939336367530
1910064359646922485404210
1911240538539661186915690
1912157414745690806369420
1913860065001766616868710
1914478043609181927930230
1916448318483197706788740
1917538059480905128371830
1920364743329313627337650
1923454792341622727798870
1924432355751829683964940
1926461626045930329305620
1927339797225370664070840
1928058211928408492393000
1928146625569304237766870
1929236646531475764352940
1931147267069400626904060
1932471727912204845220250
1935143463667178373612780
1935265009052919311221170
1936677471589384691149250
1937691386329312938493640
1941570432977082738701740
1943618863810053084369380
1943650535740654115952010
1943693459227743827594710
1943940897438189218464460
1944404507876251951140860
1945022039540740077500640
1945095203140417698771360
1945187483284887682701890
1945441509650547813005900
1946655586673791378409320
1947193206604385627607820
1947222472844041309013100
1947521616413042364741110
1948539094694772853426840
1950628329286197974532680
1950662781858209475599830
1951597987711331773644210
1951910376577301759302470
1952594818645332627926380
1953373694580545773352480
1954131253255253761095020
1954206745556106774936180
1954447774590338933827970
1958019611706648267069800
1958265209156153342283200
1960447471792978664933910
1960607218270996443649570
1962325516516063379771520
1962383645048140168820090
1964951118199071125577550
1965165907603829556611810
1966180459262455961569060
1967502567406776904102460
1968583896486175599564820
1970799779806465918091540
1972282075370654988527280
1972490798556126366981120
1973256856138913067451300
1973421962925596065497480
1974361528218220316952350
1975099369425668804119500
1977120211801999122096980
1977418602467377851422990
1977574136485972057699520
1977896107121646107400030
1979535513501982432280730
1981156332271300401325340
1983052531661399442782240
1985844895918951647167330
1986020077412881687382190
1987412115574696288030170
1988103039809787191754020
1988276218561621727826110
1991319291608034314934380
1991597251897685419465250
1992432712564730188983830
1992734782756835338440320
1995573167101967584380300
1995593887440544049905830
1997177677966288377977040
1997591278830426352782880
1997911086743388118611730
1998162257474637277279120
1998920493061582351544140
1998922132851597493107150
1999690919083870995424820
2000175449834665913265270
2000322142988255227416600
2001068853056939644406230
2002179187409914644998300
2005175383479123859845490
2005411599133080571655170
2005509442562525183584870
2006165318300445358538330
2008676379697469373144560
2008978936827655908485020
2010099023926105955030460
2010145726926999936622900
2010386176035534432053930
2012909865810829199977560
2013293604510152266674890
2014449086063237647145780
2014476515539260905107050
2014562729462828573184570
2014573328101157504389310
2014778585731366054563540
2016073507369512078713950
2017667433592811824318300
2018629073048486734343670
2019360638062492468291880
2020043261363121951169080
2020973564845660425766890
2026112004695785688713520
2026771087022889315671030
2028211974907233356268060
2028794862021785309619450
2029825067668864403441840
2031793286806707311490410
2031917222883932036033690
2033376611392754999405070
2036685612275707183430040
2038229201967617574008760
2038420011453769265391470
2038916546663059916421390
2039558865142239184229290
2039921036613362443694900
2043191336468648506516300
2043792824194757243461310
2044630371591513803699450
2045562277867836373162990
2045817225113966666295180
2047755025160220147259430
2049380743299583521993070
2049607144212372586909630
2049887104245196031098330
2052482873760158333250680
2054400686374688218636580
2055560597357583937882410
2056705737237881346666580
2057132793373143952041190
2057564584898912036891010
2058792883095825704750140
2060330289581909629686700
2061447311075023529502170
2063191937938257306573520
2063618737106363709157510
2063653948583074372141720
2066222395606937586121930
2066303044246607479715330
2066852098708384526369960
2067118021543847267771600
2067949865675012439281670
2068558895430883416156280
2069789949275130205832770
2072074199811053745245390
2074838322695421426357580
2075201913984019381020270
2075728118381815559490050
2078009903234870072088280
2079507998770820747905700
2079566947197905093235770
2080572037070674758424850
2080654048534818845063230
2080804997141909088320860
2081093816035968472332030
2082909843726094278352080
2083334649150489885520700
2083494329637122434356850
2083552392176198711253310
2083779972938767821818800
2086657428264723414057180
2087380202407263185789830
2088471833162680388484090
2089237086848305823642640
2095158942052147692882170
2095547106183973205142100
2096279792052604792557010
2096668109165585512303360
2101052336912418291512990
2104057404843401863940180
