1000168695369210183653990
1000347023458784764963260
1000687164759319441252930
1001545335508113034954870
1001970374902356971701770
1004546403952751881066390
1005819765360544407954950
1006745816388505108931410
1006951171005253082167380
1007639655555321297046710
1008278251512081524784380
1008910707260323159092240
1009754839811756042007120
1009917843869265676091260
1010654772194090329400120
1011486229375867227118080
1011699652955613038349830
1011968544411487756692300
1014694865153505288246870
1015933385037744341246040
1016485886056399487452870
1018001359360049524547820
1018058182059037351430920
1018241055564961693576860
1018314062184560952876220
1019711975591506896466100
1022692703649111239874330
1022801631654966159892740
1023017226957424264996150
1023484606912521822167470
1024761211902498303212170
1026424857170751278565160
1027152843643493179929570
1027722048516533746376380
1029091506578831574842490
1030330659381230385696990
1032239094199135063164100
1032330417466903855569170
1035249594432861202588980
1035865063361714885896360
1035892502836122871585040
1038383819771271619191210
1039224463770133781614130
1039741366362689982044630
1039953903057658269387960
1040568152143192958136790
1042459435165400274934770
1042744774506888957454000
1043103663399058788308650
1043136395193977297993530
1045178783803353211020510
1045496761950528853375230
1045665964213326545343990
1047319254811483656797920
1047885571054420641668350
1047906347385997619345980
1048349584441333229379330
1049309514116684603477240
1049719282472940959666180
1050854333650298716341920
1053807412259339355422940
1054700377538685892862170
1055838428329994565388360
1056715303674730684715520
1058294147837429094945610
1062718653409481061527240
1062745708933423936908760
1062888662566747892019980
1062959828425406854662990
1063284535708414016180870
1063302793363044619376940
1063699229432562088028710
1063963705454319097535990
1064083355082888681790750
1064150952397053256304770
1064680306391032384626490
1065743547793186712076480
1066351641669125962880440
1066696838321399688103100
1070646641879517012677160
1071021677697682501523380
1071889967146185212788570
1072535088265698104565930
1072737253292724208040320
1073486703009280164604850
1076888399984475333079870
1077061965685698123944060
1077776026948695581098200
1078285664473799955571950
1078979582323380192903780
1081445803482604221604050
1082464694582347832244380
1084170647414146545809440
1084301722573898936520330
1084343003270435078842490
1084740699178425725235040
1084788159081865197714410
1085142178599143816062260
1086308628742100072560120
1087851638508312808678080
1089305794688548915690300
1090188485286492711322320
1090636671707027938226920
1090944621143187576110240
1091248387118308379281850
1093220925700499038558690
1093377066641021936993250
1094979467776707785385490
1096014846758834825657410
1096204623376900086635150
1096397458604070446645570
1096888408529463324191390
1096895504617913642691830
1097531416921418105279300
1097539232916182876969400
1098218862602323035238610
1099403919356297666572560
1100182515327046726995690
1101186715314500412538820
1101596403680448384363310
1102685614747612334667860
1102698826050503907930960
1103201937414470871637610
1104718704550671443140500
1106332644203541113293070
1106663256728449073207660
1106717655740260502216120
1108699919073310442021630
1111539957205765701736970
1112350722045197189626690
1113411849719793406387240
1113493002292160462289300
1113971446826898872094520
1114217218251098083703970
1114224791277629798088390
1114574127398480283628200
1116216799359923736149980
1116304581081044461395930
1116620335516814687787130
1118269659624319692865150
1118593916965476505196350
1119281715601692352280600
1119597114081613234789330
1121148968711754018517410
1121855354958988211437750
1123379894097491479236170
1124073025049372033498840
1124923759753327547060320
1126224901591915812277570
1127493663590896483934890
1127694574778910982910980
1128024451398042926393450
1131566118392072725371700
1131899791522855258773780
1132182781166399074267760
1132370287078443144857290
1132415191308705215157820
1133335386089919309919800
1133647624975272496849170
1136488263030194895480080
1140656777491260663069750
1140687863496702467949150
1142404531951754253508100
1142756051790471234101800
1144179751884502138605000
1146200443280215676853580
1146202123065385001598820
1146486965470407569506670
1148274843776580393103200
1148421645917247557073790
1149257363549833276110400
1149306699212059355216000
1149904901358676245792520
1152592794038030168904030
1152607455155165892819010
1152642073707255755857530
1152972959198781509805210
1153383361471582333576880
1153944837338012842667910
1156404699312947306027250
1156447289841495565999820
1159123887971898734656690
1159800662023627921289270
1159932736057389394737960
1160357188526474094781640
1162597195746526359446330
1164547037245891349024750
1166032988341114229651210
1166578074311700742172390
1167140904004220715580990
1167634683566178244793550
1167972718138616402636250
1168950905468598388930240
1169086846004318837663000
1170320699488360814551420
1174240786863356855260930
1177243275125470395569540
1177557753723305862977490
1178663145710542827940780
1178699647022496143120580
