2104307288739946807169510
2104510986570448611145180
2105006772875040081258050
2105186129833777937487350
2105804068444423784094060
2106322361857685214266820
2107541931175595004304960
2109791176210040425886960
2110174214999818503849460
2111279011063511495382110
2113172669781509989175230
2114464145861162631500850
2115374518903362741399820
2115826897784936813016150
2116690964775631215114790
2116695164236131642068990
2117030436163390387124450
2118259327284924873929280
2119212554820675765561320
2119525083668877794221080
2120400978141220093083020
2120534209024223204423110
2121015844147068229717300
2121388757237675617874080
2121976696703428174400920
2122104152328377802618380
2124088168437443888291100
2125361869801624167819670
2127988192390946356815350
2128751866280095589320530
2129787828186843438538140
2132654278926697108052250
2132944111690458194740990
2133237885949178767865890
2134245522495125826233800
2135815624779897204157960
2143683741941840229392100
2144593195101954924190320
2148726442091694244371080
2150593642207678553940720
2150762864467245711364300
2150823295704266845286020
2151718997630946504542600
2152545396462061206842650
2152673907950789885404820
2153059956354518869217780
2153068538251829122794810
2153820721616795045691760
2154250476404774997459040
2154542001951013301105360
2155865195957498021710890
2156739054690436934217720
2158713579018492068940050
2158998935357827052429150
2159030627286812811739190
2159755321182216556765230
2159828293807738468397430
2160192615002650866249770
2161264722265502705764700
2161799702535303265207570
2163922422823653949127700
2163939936574662216921780
2164991016539857711483520
2165230318795920043477980
2165464895658246369452060
2167346856878444252755950
2168492259725359445573220
2168953167511781695372010
2169109225461457791684590
2170770098086146607522940
2175152776031657377261410
2175246399003832097782100
2175883868106504879810600
2176485245845535766936340
2176486348703930582705760
2176966191055605268950520
2177841062659861147407500
2178729765486245173497960
2179147665796346171804660
2180082122744769297931970
2180344582025507638811540
2181223596097263432070610
2181978215148328917327130
2182793145452568193231300
2183009014718413566822620
2183239165151467962779290
2184085751386846707023620
2184096083059634688710330
2185816151078564072669370
2185840883900793147722910
2187313823668895436997400
2187906042583841542570290
2188189942111086065437620
2188368743139818868145920
2188411729617755382910600
2189042076635746808741360
2189299313587898283261770
2190253816959968672604470
2193016573020939016186750
2194539488368888715664630
2195013891419974515941820
2196830804996493118122880
2196896625540564199102530
2196925897779681453750270
2196934209712527612324340
2199226476218986895338170
2200771542719757229993470
2201601111142209074327680
2201626109931594362171850
2201844148919613601877310
2202361945396408917438700
2205305905178134259421690
2205628578723891715614570
2206937292589011685216230
2208060938231956108890660
2208405642946686865986880
2209048257388176547767630
2209357623642887725363090
2210050474630304184622800
2211606165767249741452720
2211660441793060165156980
2212654079138415976192650
2213132017736688262386490
2213365411751926631499300
2214760072575073348660440
2215399814385921002107280
2215432503186762164125000
2216421292153996227108680
2219879581858869329646040
2220033923030375589061300
2221544014024821979068200
2222766655949144751351360
2223249463920692986779420
2223591172020395992510120
2224604436844318172029310
2224783367856898299011680
2227023858014493523802810
2228664114286606888419830
2228920754315214398509600
2231985129628054815634280
2233345702829655122035440
2234601083548357985245960
2234708851702817577342850
2235293624576156147320470
2235844748771413946997380
2238091045183832119365960
2238387179138882278243520
2240891622385537341233260
2241165283227610168990670
2242053889067454763019400
2242167323492889988419670
2242985783343238914725410
2244440385466402205439370
2245133353438742824488220
2245451137612839602719480
2245612244914793155722580
2246473518265153933851760
2246509749611027881756000
2246717036979562992770300
2247834957357992853231720
2248728066616879334884770
2249579925175999138670480
2249778559658530865015880
2251128751193804278820700
2251568254729951384329010
2251991774319642776059570
2252354315743923252620000
2253784767969478296226120
2254113664714601156970780
2255797441395732925388540
2257146848033845073881740
2258031092432034043469850
2260454633074016709105690
2261303355035876699524390
2263452537925164704152920
2263704665533115073345770
2265159677604589783336780
2265219638901375831344410
2266561881459114003700120
2267258804923721992397470
2267879746150472434884760
2268272603678726069952720
2269380082397290098908170
2270782345245353249181140
2271346191806498061752240
2271716232266463439575100
2273138408555403363304440
2276435904916864354508840
2277730569589469429141220
2278476836714149816914040
2278540604520971182568700
2280845658384702737356230
2280996713978332413675590
2281288432499264853717960
2281706015851901244869590
2282926984990516264649990
2283787072493250677160380
2286074978560208026763720
2286110629980384311207200
2286826135056549092498170
